Generation :  0
New population:  [[-6.54211955  9.88204025 -7.55144397 -9.69876749 -2.06955725  0.25167251
   8.65821484 -0.92347598 -5.03332037  6.94159091  8.11285793]
 [-9.0847197   4.48834531 -1.97295937  8.47332141 -5.29906517  6.60232548
  -7.18746217  7.71194342  1.06870566  5.01580525  8.3191385 ]
 [-1.33716593  9.07080356 -6.59559179 -0.06914383  5.13166893 -1.598926
   0.90136173 -8.02442946  3.39978744  4.51161639 -9.19405371]
 [-2.41021209 -8.77012643 -9.63352884  5.32050019  7.37338782 -4.26294759
  -9.88001522 -4.09592431 -4.63712771 -3.36261729  6.85840216]
 [-1.05992574 -4.10583    -6.65884993 -2.25623085  8.29559112  4.42759895
   2.55242299 -2.10910033 -6.43605096 -7.04544099 -9.50925968]
 [-3.83389014  2.06282066 -3.49373031 -4.06169868  6.68226294  7.22278322
   5.33661428 -0.19134383  7.53002669  6.2388257   6.6332568 ]
 [ 3.11710826 -8.11135938 -1.9582888  -4.30571279 -8.28483102  0.99313271
   2.5284528   9.29841765  1.52309203 -2.38164244  2.83708009]
 [-7.97246494  8.85620128 -8.97706223 -6.00636049  0.82880585  2.00327453
   7.29048043  5.61131247  4.29526605  8.23872169  7.94271581]
 [-9.03819031 -7.76378912 -6.23613917 -1.04876068  9.54748699 -8.81575889
   6.21687434  0.94995927 -4.4252536   3.2731996  -9.26600359]
 [-8.72297085  2.90378461 -1.87080413  2.00373562 -6.30531853 -3.04805203
   5.70358699  0.79664665  8.54604617  9.74776876  7.38108558]]
Fitness:  [(1, 1), (1, 1), (1, 1), (1, 1), (1, 1), (1, 1), (1, 1), (1, 1), (1, 1), (1, 1)]

offspring_crossover :  [[-9.0847197   4.48834531 -1.97295937  8.47332141 -5.29906517  6.60232548
  -7.18746217  7.71194342  1.06870566  5.01580525  8.3191385 ]
 [-6.54211955  9.88204025 -7.55144397 -9.69876749 -2.06955725  0.25167251
   8.65821484 -0.92347598 -5.03332037  6.94159091  8.11285793]
 [-2.41021209 -8.77012643 -9.63352884  5.32050019  7.37338782 -4.26294759
  -9.88001522 -4.09592431 -4.63712771 -3.36261729  6.85840216]
 [-1.33716593  9.07080356 -6.59559179 -0.06914383  5.13166893 -1.598926
   0.90136173 -8.02442946  3.39978744  4.51161639 -9.19405371]
 [-3.83389014  2.06282066 -3.49373031 -4.06169868  6.68226294  7.22278322
   5.33661428 -0.19134383  7.53002669  6.2388257   6.6332568 ]
 [-1.05992574 -4.10583    -6.65884993 -2.25623085  8.29559112  4.42759895
   2.55242299 -2.10910033 -6.43605096 -7.04544099 -9.50925968]
 [-7.97246494  8.85620128 -8.97706223 -6.00636049  0.82880585  2.00327453
   7.29048043  5.61131247  4.29526605  8.23872169  7.94271581]
 [ 3.11710826 -8.11135938 -1.9582888  -4.30571279 -8.28483102  0.99313271
   2.5284528   9.29841765  1.52309203 -2.38164244  2.83708009]
 [-8.72297085  2.90378461 -1.87080413  2.00373562 -6.30531853 -3.04805203
   5.70358699  0.79664665  8.54604617  9.74776876  7.38108558]
 [-9.03819031 -7.76378912 -6.23613917 -1.04876068  9.54748699 -8.81575889
   6.21687434  0.94995927 -4.4252536   3.2731996  -9.26600359]]
Generation :  1
New population:  [[-9.0847197   4.48834531 -1.97295937  8.47332141  6.60232548 -5.29906517
  -7.18746217  7.71194342  1.06870566  5.01580525  8.3191385 ]
 [-6.54211955  9.88204025 -7.55144397 -9.69876749 -2.06955725  0.25167251
   8.65821484 -0.92347598 -5.03332037  6.94159091  8.11285793]
 [-2.41021209 -8.77012643 -9.63352884  5.32050019  7.37338782 -4.26294759
  -9.88001522 -4.09592431 -4.63712771 -3.36261729  6.85840216]
 [-1.33716593  9.07080356 -6.59559179 -0.06914383  5.13166893 -1.598926
   0.90136173 -8.02442946  3.39978744  4.51161639 -9.19405371]
 [-3.83389014  2.06282066 -3.49373031 -4.06169868  6.68226294  7.22278322
   5.33661428 -0.19134383  7.53002669  6.2388257   6.6332568 ]
 [ 8.29559112 -4.10583    -6.65884993 -2.25623085 -1.05992574  4.42759895
   2.55242299 -2.10910033 -6.43605096 -7.04544099 -9.50925968]
 [-7.97246494  8.85620128 -8.97706223 -6.00636049  0.82880585  2.00327453
   7.29048043  5.61131247  4.29526605  8.23872169  7.94271581]
 [ 3.11710826 -8.11135938 -1.9582888  -4.30571279 -8.28483102  0.99313271
   9.29841765  2.5284528   1.52309203 -2.38164244  2.83708009]
 [-8.72297085  2.90378461 -3.04805203  2.00373562 -6.30531853 -1.87080413
   5.70358699  0.79664665  8.54604617  9.74776876  7.38108558]
 [-9.03819031 -7.76378912 -6.23613917 -1.04876068  9.54748699 -8.81575889
   6.21687434  0.94995927 -4.4252536   3.2731996  -9.26600359]]
Fitness:  [(1, 1), (1, 1), (1, 1), (1, 1), (1, 1), (1, 1), (1, 1), (1, 1), (1, 1), (1, 1)]

offspring_crossover :  [[-9.0847197   4.48834531 -1.97295937 -9.69876749 -2.06955725  0.25167251
   8.65821484 -0.92347598 -5.03332037  6.94159091  8.11285793]
 [-6.54211955  9.88204025 -7.55144397  8.47332141  6.60232548 -5.29906517
  -7.18746217  7.71194342  1.06870566  5.01580525  8.3191385 ]
 [-2.41021209 -8.77012643 -9.63352884 -0.06914383  5.13166893 -1.598926
   0.90136173 -8.02442946  3.39978744  4.51161639 -9.19405371]
 [-1.33716593  9.07080356 -6.59559179  5.32050019  7.37338782 -4.26294759
  -9.88001522 -4.09592431 -4.63712771 -3.36261729  6.85840216]
 [-3.83389014  2.06282066 -3.49373031 -2.25623085 -1.05992574  4.42759895
   2.55242299 -2.10910033 -6.43605096 -7.04544099 -9.50925968]
 [ 8.29559112 -4.10583    -6.65884993 -4.06169868  6.68226294  7.22278322
   5.33661428 -0.19134383  7.53002669  6.2388257   6.6332568 ]
 [-7.97246494  8.85620128 -8.97706223 -4.30571279 -8.28483102  0.99313271
   9.29841765  2.5284528   1.52309203 -2.38164244  2.83708009]
 [ 3.11710826 -8.11135938 -1.9582888  -6.00636049  0.82880585  2.00327453
   7.29048043  5.61131247  4.29526605  8.23872169  7.94271581]
 [-8.72297085  2.90378461 -3.04805203 -1.04876068  9.54748699 -8.81575889
   6.21687434  0.94995927 -4.4252536   3.2731996  -9.26600359]
 [-9.03819031 -7.76378912 -6.23613917  2.00373562 -6.30531853 -1.87080413
   5.70358699  0.79664665  8.54604617  9.74776876  7.38108558]]
Generation :  2
New population:  [[-9.0847197   4.48834531 -1.97295937 -9.69876749 -2.06955725  0.25167251
   8.65821484 -0.92347598 -5.03332037  6.94159091  8.11285793]
 [-6.54211955  9.88204025 -7.55144397  8.47332141  6.60232548 -5.29906517
  -7.18746217  7.71194342  1.06870566  5.01580525  8.3191385 ]
 [-2.41021209 -8.77012643 -9.63352884 -0.06914383  5.13166893 -1.598926
   0.90136173 -8.02442946  3.39978744  4.51161639 -9.19405371]
 [-1.33716593  9.07080356 -6.59559179  5.32050019  7.37338782 -4.26294759
  -9.88001522 -4.09592431 -4.63712771 -3.36261729  6.85840216]
 [-3.83389014  2.06282066 -3.49373031 -2.25623085 -1.05992574  4.42759895
   2.55242299 -2.10910033 -6.43605096 -7.04544099 -9.50925968]
 [ 8.29559112 -4.10583    -6.65884993 -4.06169868  6.68226294  7.22278322
   5.33661428 -0.19134383  7.53002669  6.2388257   6.6332568 ]
 [-7.97246494  8.85620128 -8.97706223 -4.30571279 -8.28483102  0.99313271
   9.29841765  2.5284528   1.52309203 -2.38164244  2.83708009]
 [ 3.11710826 -8.11135938 -1.9582888  -6.00636049  0.82880585  2.00327453
   7.29048043  5.61131247  4.29526605  8.23872169  7.94271581]
 [-8.72297085  2.90378461 -3.04805203 -1.04876068  9.54748699 -8.81575889
   6.21687434  0.94995927 -4.4252536   3.2731996  -9.26600359]
 [-9.03819031 -7.76378912 -6.23613917  2.00373562 -6.30531853 -1.87080413
   5.70358699  0.79664665  8.54604617  9.74776876  7.38108558]]
Fitness:  [(1, 1), (1, 1), (1, 1), (1, 1), (1, 1), (1, 1), (1, 1), (1, 1), (1, 1), (1, 1)]

offspring_crossover :  [[-9.0847197   4.48834531 -7.55144397  8.47332141  6.60232548 -5.29906517
  -7.18746217  7.71194342  1.06870566  5.01580525  8.3191385 ]
 [-6.54211955  9.88204025 -1.97295937 -9.69876749 -2.06955725  0.25167251
   8.65821484 -0.92347598 -5.03332037  6.94159091  8.11285793]
 [-2.41021209 -8.77012643 -6.59559179  5.32050019  7.37338782 -4.26294759
  -9.88001522 -4.09592431 -4.63712771 -3.36261729  6.85840216]
 [-1.33716593  9.07080356 -9.63352884 -0.06914383  5.13166893 -1.598926
   0.90136173 -8.02442946  3.39978744  4.51161639 -9.19405371]
 [-3.83389014  2.06282066 -6.65884993 -4.06169868  6.68226294  7.22278322
   5.33661428 -0.19134383  7.53002669  6.2388257   6.6332568 ]
 [ 8.29559112 -4.10583    -3.49373031 -2.25623085 -1.05992574  4.42759895
   2.55242299 -2.10910033 -6.43605096 -7.04544099 -9.50925968]
 [-7.97246494  8.85620128 -1.9582888  -6.00636049  0.82880585  2.00327453
   7.29048043  5.61131247  4.29526605  8.23872169  7.94271581]
 [ 3.11710826 -8.11135938 -8.97706223 -4.30571279 -8.28483102  0.99313271
   9.29841765  2.5284528   1.52309203 -2.38164244  2.83708009]
 [-8.72297085  2.90378461 -6.23613917  2.00373562 -6.30531853 -1.87080413
   5.70358699  0.79664665  8.54604617  9.74776876  7.38108558]
 [-9.03819031 -7.76378912 -3.04805203 -1.04876068  9.54748699 -8.81575889
   6.21687434  0.94995927 -4.4252536   3.2731996  -9.26600359]]
Generation :  3
New population:  [[-9.0847197   4.48834531 -7.55144397  8.47332141  6.60232548 -5.29906517
  -7.18746217  7.71194342  1.06870566  5.01580525  8.3191385 ]
 [-6.54211955  9.88204025 -1.97295937 -0.92347598 -2.06955725  0.25167251
   8.65821484 -9.69876749 -5.03332037  6.94159091  8.11285793]
 [-2.41021209 -8.77012643 -6.59559179  5.32050019  7.37338782 -4.26294759
  -9.88001522 -4.09592431 -4.63712771 -3.36261729  6.85840216]
 [-1.33716593  9.07080356 -9.63352884 -0.06914383  5.13166893 -1.598926
   0.90136173 -8.02442946  3.39978744  4.51161639 -9.19405371]
 [-3.83389014 -4.06169868 -6.65884993  2.06282066  6.68226294  7.22278322
   5.33661428 -0.19134383  7.53002669  6.2388257   6.6332568 ]
 [ 8.29559112 -4.10583    -3.49373031 -2.25623085 -1.05992574  4.42759895
   2.55242299 -2.10910033 -6.43605096 -7.04544099 -9.50925968]
 [-7.97246494  8.85620128 -1.9582888  -6.00636049  0.82880585  2.00327453
   7.29048043  5.61131247  4.29526605  8.23872169  7.94271581]
 [ 3.11710826 -8.11135938 -8.97706223 -4.30571279 -8.28483102  0.99313271
   9.29841765  2.5284528   1.52309203 -2.38164244  2.83708009]
 [-8.72297085  2.90378461 -6.23613917  2.00373562 -6.30531853 -1.87080413
   5.70358699  0.79664665  8.54604617  9.74776876  7.38108558]
 [-9.03819031 -7.76378912 -3.04805203 -1.04876068  9.54748699 -8.81575889
   6.21687434  0.94995927 -4.4252536   3.2731996  -9.26600359]]
Fitness:  [(1, 1), (1, 1), (1, 1), (1, 1), (1, 1), (1, 1), (1, 1), (1, 1), (1, 1), (1, 1)]

offspring_crossover :  [[-9.0847197   4.48834531 -7.55144397  8.47332141 -2.06955725  0.25167251
   8.65821484 -9.69876749 -5.03332037  6.94159091  8.11285793]
 [-6.54211955  9.88204025 -1.97295937 -0.92347598  6.60232548 -5.29906517
  -7.18746217  7.71194342  1.06870566  5.01580525  8.3191385 ]
 [-2.41021209 -8.77012643 -6.59559179  5.32050019  5.13166893 -1.598926
   0.90136173 -8.02442946  3.39978744  4.51161639 -9.19405371]
 [-1.33716593  9.07080356 -9.63352884 -0.06914383  7.37338782 -4.26294759
  -9.88001522 -4.09592431 -4.63712771 -3.36261729  6.85840216]
 [-3.83389014 -4.06169868 -6.65884993  2.06282066 -1.05992574  4.42759895
   2.55242299 -2.10910033 -6.43605096 -7.04544099 -9.50925968]
 [ 8.29559112 -4.10583    -3.49373031 -2.25623085  6.68226294  7.22278322
   5.33661428 -0.19134383  7.53002669  6.2388257   6.6332568 ]
 [-7.97246494  8.85620128 -1.9582888  -6.00636049 -8.28483102  0.99313271
   9.29841765  2.5284528   1.52309203 -2.38164244  2.83708009]
 [ 3.11710826 -8.11135938 -8.97706223 -4.30571279  0.82880585  2.00327453
   7.29048043  5.61131247  4.29526605  8.23872169  7.94271581]
 [-8.72297085  2.90378461 -6.23613917  2.00373562  9.54748699 -8.81575889
   6.21687434  0.94995927 -4.4252536   3.2731996  -9.26600359]
 [-9.03819031 -7.76378912 -3.04805203 -1.04876068 -6.30531853 -1.87080413
   5.70358699  0.79664665  8.54604617  9.74776876  7.38108558]]
Generation :  4
New population:  [[-9.0847197   4.48834531 -7.55144397  8.47332141 -2.06955725  0.25167251
   8.65821484 -9.69876749 -5.03332037  6.94159091  8.11285793]
 [-6.54211955  9.88204025 -1.97295937 -0.92347598  6.60232548 -5.29906517
  -7.18746217  7.71194342  1.06870566  5.01580525  8.3191385 ]
 [-2.41021209 -8.77012643 -6.59559179  5.32050019  5.13166893 -1.598926
   0.90136173 -8.02442946  3.39978744  4.51161639 -9.19405371]
 [-1.33716593  9.07080356 -4.63712771 -0.06914383  7.37338782 -4.26294759
  -9.88001522 -4.09592431 -9.63352884 -3.36261729  6.85840216]
 [-3.83389014 -4.06169868 -6.65884993  2.06282066 -1.05992574  4.42759895
   2.55242299 -2.10910033 -6.43605096 -7.04544099 -9.50925968]
 [ 8.29559112 -4.10583    -3.49373031 -2.25623085  6.68226294  7.22278322
   5.33661428 -0.19134383  7.53002669  6.2388257   6.6332568 ]
 [-7.97246494  8.85620128 -1.9582888  -6.00636049 -8.28483102  0.99313271
   9.29841765  2.5284528   1.52309203 -2.38164244  2.83708009]
 [ 3.11710826 -8.11135938 -8.97706223 -4.30571279  0.82880585  2.00327453
   7.29048043  5.61131247  4.29526605  8.23872169  7.94271581]
 [-8.72297085  2.90378461 -6.23613917  2.00373562  9.54748699 -8.81575889
   6.21687434  0.94995927 -4.4252536   3.2731996  -9.26600359]
 [-9.03819031 -7.76378912 -3.04805203 -1.04876068 -6.30531853 -1.87080413
   5.70358699  0.79664665  8.54604617  9.74776876  7.38108558]]
Fitness:  [(1, 1), (1, 1), (1, 1), (1, 1), (1, 1), (1, 1), (1, 1), (1, 1), (1, 1), (1, 1)]

offspring_crossover :  [[-9.0847197   9.88204025 -1.97295937 -0.92347598  6.60232548 -5.29906517
  -7.18746217  7.71194342  1.06870566  5.01580525  8.3191385 ]
 [-6.54211955  4.48834531 -7.55144397  8.47332141 -2.06955725  0.25167251
   8.65821484 -9.69876749 -5.03332037  6.94159091  8.11285793]
 [-2.41021209  9.07080356 -4.63712771 -0.06914383  7.37338782 -4.26294759
  -9.88001522 -4.09592431 -9.63352884 -3.36261729  6.85840216]
 [-1.33716593 -8.77012643 -6.59559179  5.32050019  5.13166893 -1.598926
   0.90136173 -8.02442946  3.39978744  4.51161639 -9.19405371]
 [-3.83389014 -4.10583    -3.49373031 -2.25623085  6.68226294  7.22278322
   5.33661428 -0.19134383  7.53002669  6.2388257   6.6332568 ]
 [ 8.29559112 -4.06169868 -6.65884993  2.06282066 -1.05992574  4.42759895
   2.55242299 -2.10910033 -6.43605096 -7.04544099 -9.50925968]
 [-7.97246494 -8.11135938 -8.97706223 -4.30571279  0.82880585  2.00327453
   7.29048043  5.61131247  4.29526605  8.23872169  7.94271581]
 [ 3.11710826  8.85620128 -1.9582888  -6.00636049 -8.28483102  0.99313271
   9.29841765  2.5284528   1.52309203 -2.38164244  2.83708009]
 [-8.72297085 -7.76378912 -3.04805203 -1.04876068 -6.30531853 -1.87080413
   5.70358699  0.79664665  8.54604617  9.74776876  7.38108558]
 [-9.03819031  2.90378461 -6.23613917  2.00373562  9.54748699 -8.81575889
   6.21687434  0.94995927 -4.4252536   3.2731996  -9.26600359]]
************************************
