Generation :  0
New population:  [[ 0.01866559  8.29502496  5.02358319 -2.19608312 -5.68163197  4.46807068
   2.3671175  -9.15192384  2.89571803  2.6258435   0.49597186]
 [-0.26145366 -7.53746678  6.06803151  5.30402005  3.14075638  5.83677863
  -7.37007062 -7.57939204  9.92786578  8.72851068  9.6545062 ]
 [-4.65376354 -9.99200165 -7.20033087 -6.80374738  5.92796896 -6.21638426
   1.50408494 -8.55359144 -4.26954677 -1.19331857  8.00779876]
 [-6.04188866  8.61265108  7.48426705  8.25656482  6.74838093 -0.8431654
  -1.5774638   1.2408975  -7.87423512 -9.45328311 -2.02372554]
 [-7.85462698  5.90671203 -3.77391458  7.0071917  -7.12096441  7.0857883
   6.64461772 -5.59079104  0.85744157 -8.6914197  -6.38882828]
 [-0.41888015 -4.3347364  -8.73950244  6.59155457 -0.2154766   1.7354218
  -6.86357559 -5.22099212  6.97079772  3.57521075  4.80758716]
 [ 5.72017945  6.78383107 -9.05799823 -2.68865279 -9.3437721   7.0446342
  -1.83463348 -5.27580783 -9.30659097 -2.41472147 -1.56540544]
 [ 0.39037343  9.19877598  2.81594239 -6.58845587 -2.68230808 -2.47521731
   1.28276554 -8.67046129 -4.73138152 -3.24109794  0.80213486]
 [-8.52655154 -8.03077567 -6.44350578  5.63033904  0.39462261 -4.66344135
  -5.11762315 -0.37563484  6.50936414  3.45327725  4.65412888]
 [-5.75286165  8.37505913  0.08777354  4.3286107  -0.06759898 -7.3577562
   7.20534887  9.79001716 -5.75921685  5.62407828  0.16363616]]
Fitness:  [(1, 1), (1, 1), (1, 1), (1, 1), (1, 1), (1, 1), (1, 1), (1, 1), (1, 1), (1, 1)]

offspring_crossover :  [[0.14005963 7.91624587 5.54580735 3.75005158 4.41119417 5.15242466
  4.86859406 8.36565794 6.4117919  5.67717709 5.07523903]
 [2.4576086  8.76473422 6.63418119 6.05388371 4.53436267 6.02658144
  4.43707778 8.06649174 7.09870627 4.96091463 8.83115248]
 [5.3478261  9.30232637 7.34229896 7.5301561  6.33817494 3.52977483
  1.54077437 4.89724447 6.07189094 5.32330084 5.01576215]
 [6.94825782 7.25968156 5.62909082 7.63187826 6.93467267 3.96447685
  4.11104076 3.41584427 4.36583835 9.0723514  4.20627691]
 [4.13675356 5.12072421 6.25670851 6.79937314 3.6682205  4.41060505
  6.75409666 5.40589158 3.91411965 6.13331523 5.59820772]
 [3.0695298  5.55928373 8.89875033 4.64010368 4.77962435 4.390028
  4.34910454 5.24839998 8.13869434 2.99496611 3.1864963 ]
 [3.05527644 7.99130353 5.93697031 4.63855433 6.01304009 4.75992575
  1.55869951 6.97313456 7.01898624 2.8279097  1.18377015]
 [4.45846248 8.61477583 4.62972408 6.10939746 1.53846535 3.56932933
  3.20019435 4.52304807 5.62037283 3.34718759 2.72813187]
 [7.13970659 8.2029174  3.26563966 4.97947487 0.23111079 6.01059878
  6.16148601 5.082826   6.13429049 4.53867776 2.40888252]
 [2.88576362 8.33504204 2.55567836 3.26234691 2.87461547 5.91291344
  4.78623318 9.4709705  4.32746744 4.12496089 0.32980401]]
Generation :  1
New population:  [[0.14005963 7.91624587 5.54580735 3.75005158 4.41119417 5.15242466
  4.86859406 8.36565794 6.4117919  5.67717709 5.07523903]
 [2.4576086  8.76473422 6.63418119 6.05388371 4.53436267 6.02658144
  4.43707778 8.06649174 7.09870627 4.96091463 8.83115248]
 [7.5301561  9.30232637 7.34229896 5.3478261  6.33817494 3.52977483
  1.54077437 4.89724447 6.07189094 5.32330084 5.01576215]
 [6.94825782 7.25968156 7.63187826 5.62909082 6.93467267 3.96447685
  4.11104076 3.41584427 4.36583835 9.0723514  4.20627691]
 [4.13675356 5.12072421 6.25670851 3.6682205  6.79937314 4.41060505
  6.75409666 5.40589158 3.91411965 6.13331523 5.59820772]
 [3.0695298  5.55928373 8.89875033 4.64010368 4.77962435 4.390028
  4.34910454 5.24839998 8.13869434 2.99496611 3.1864963 ]
 [3.05527644 7.99130353 5.93697031 4.63855433 6.01304009 4.75992575
  1.55869951 6.97313456 7.01898624 2.8279097  1.18377015]
 [4.45846248 8.61477583 4.62972408 6.10939746 1.53846535 3.56932933
  3.20019435 4.52304807 5.62037283 3.34718759 2.72813187]
 [7.13970659 8.2029174  3.26563966 4.97947487 0.23111079 6.01059878
  6.16148601 5.082826   6.13429049 4.53867776 2.40888252]
 [2.88576362 8.33504204 2.55567836 3.26234691 2.87461547 5.91291344
  4.78623318 9.4709705  4.32746744 4.12496089 0.32980401]]
Fitness:  [(1, 1), (1, 1), (1, 1), (1, 1), (1, 1), (1, 1), (1, 1), (1, 1), (1, 1), (1, 1)]

offspring_crossover :  [[1.29883411 8.34049004 6.08999427 4.90196765 4.47277842 5.58950305
  4.65283592 8.21607484 6.75524909 5.31904586 6.95319576]
 [4.99388235 9.03353029 6.98824007 5.70085491 5.4362688  4.77817814
  2.98892607 6.48186811 6.58529861 5.14210773 6.92345732]
 [7.23920696 8.28100396 7.48708861 5.48845846 6.6364238  3.74712584
  2.82590756 4.15654437 5.21886465 7.19782612 4.61101953]
 [5.54250569 6.19020289 6.94429339 4.64865566 6.8670229  4.18754095
  5.43256871 4.41086793 4.139979   7.60283332 4.90224231]
 [3.60314168 5.34000397 7.57772942 4.15416209 5.78949874 4.40031652
  5.5516006  5.32714578 6.02640699 4.56414067 4.39235201]
 [3.06240312 6.77529363 7.41786032 4.63932901 5.39633222 4.57497688
  2.95390202 6.11076727 7.57884029 2.91143791 2.18513323]
 [3.75686946 8.30303968 5.2833472  5.37397589 3.77575272 4.16462754
  2.37944693 5.74809131 6.31967954 3.08754865 1.95595101]
 [5.79908454 8.40884661 3.94768187 5.54443616 0.88478807 4.78996405
  4.68084018 4.80293703 5.87733166 3.94293268 2.5685072 ]
 [5.0127351  8.26897972 2.91065901 4.12091089 1.55286313 5.96175611
  5.4738596  7.27689825 5.23087896 4.33181933 1.36934326]
 [1.51291162 8.12564396 4.05074286 3.50619925 3.64290482 5.53266905
  4.82741362 8.91831422 5.36962967 4.90106899 2.70252152]]
Generation :  2
New population:  [[1.29883411 8.34049004 6.08999427 4.90196765 4.47277842 5.58950305
  4.65283592 8.21607484 6.75524909 5.31904586 6.95319576]
 [4.99388235 9.03353029 6.98824007 5.70085491 5.4362688  6.48186811
  2.98892607 4.77817814 6.58529861 5.14210773 6.92345732]
 [7.23920696 8.28100396 7.48708861 5.48845846 6.6364238  5.21886465
  2.82590756 4.15654437 3.74712584 7.19782612 4.61101953]
 [5.54250569 6.19020289 6.94429339 6.8670229  4.64865566 4.18754095
  5.43256871 4.41086793 4.139979   7.60283332 4.90224231]
 [3.60314168 5.34000397 7.57772942 4.15416209 5.78949874 4.40031652
  5.5516006  5.32714578 6.02640699 4.56414067 4.39235201]
 [3.06240312 6.77529363 7.41786032 4.63932901 7.57884029 4.57497688
  2.95390202 6.11076727 5.39633222 2.91143791 2.18513323]
 [3.75686946 8.30303968 3.08754865 5.37397589 3.77575272 4.16462754
  2.37944693 5.74809131 6.31967954 5.2833472  1.95595101]
 [5.79908454 8.40884661 3.94768187 5.54443616 0.88478807 4.78996405
  4.68084018 4.80293703 5.87733166 3.94293268 2.5685072 ]
 [4.12091089 8.26897972 2.91065901 5.0127351  1.55286313 5.96175611
  5.4738596  7.27689825 5.23087896 4.33181933 1.36934326]
 [1.51291162 8.12564396 4.05074286 3.50619925 3.64290482 5.53266905
  4.82741362 8.91831422 5.36962967 4.90106899 2.70252152]]
Fitness:  [(1, 1), (1, 1), (1, 1), (1, 1), (1, 1), (1, 1), (1, 1), (1, 1), (1, 1), (1, 1)]

offspring_crossover :  [[3.14635823 8.68701017 6.53911717 5.30141128 4.95452361 6.03568558
  3.82088099 6.49712649 6.67027385 5.2305768  6.93832654]
 [6.11654465 8.65726713 7.23766434 5.59465668 6.0363463  5.85036638
  2.90741682 4.46736125 5.16621222 6.16996693 5.76723842]
 [6.39085633 7.23560342 7.215691   6.17774068 5.64253973 4.7032028
  4.12923813 4.28370615 3.94355242 7.40032972 4.75663092]
 [4.57282369 5.76510343 7.2610114  5.5105925  5.2190772  4.29392874
  5.49208465 4.86900685 5.083193   6.08348699 4.64729716]
 [3.3327724  6.0576488  7.49779487 4.39674555 6.68416952 4.4876467
  4.25275131 5.71895653 5.71136961 3.73778929 3.28874262]
 [3.40963629 7.53916665 5.25270448 5.00665245 5.67729651 4.36980221
  2.66667448 5.92942929 5.85800588 4.09739255 2.07054212]
 [4.777977   8.35594315 3.51761526 5.45920603 2.3302704  4.4772958
  3.53014355 5.27551417 6.0985056  4.61313994 2.2622291 ]
 [4.95999771 8.33891317 3.42917044 5.27858563 1.2188256  5.37586008
  5.07734989 6.03991764 5.55410531 4.137376   1.96892523]
 [2.81691126 8.19731184 3.48070093 4.25946718 2.59788398 5.74721258
  5.15063661 8.09760624 5.30025432 4.61644416 2.03593239]
 [1.40587287 8.233067   5.07036856 4.20408345 4.05784162 5.56108605
  4.74012477 8.56719453 6.06243938 5.11005742 4.82785864]]
Generation :  3
New population:  [[3.14635823 8.68701017 6.53911717 5.30141128 4.95452361 6.03568558
  3.82088099 6.49712649 6.67027385 5.2305768  6.93832654]
 [6.11654465 8.65726713 7.23766434 5.59465668 6.0363463  5.85036638
  2.90741682 4.46736125 5.16621222 6.16996693 5.76723842]
 [6.39085633 7.23560342 7.215691   6.17774068 5.64253973 4.7032028
  4.12923813 4.28370615 3.94355242 7.40032972 4.75663092]
 [4.57282369 5.76510343 7.2610114  5.5105925  5.2190772  4.29392874
  5.49208465 4.86900685 5.083193   6.08348699 4.64729716]
 [3.3327724  6.0576488  7.49779487 4.39674555 6.68416952 4.4876467
  4.25275131 5.71895653 5.71136961 3.73778929 3.28874262]
 [3.40963629 7.53916665 5.25270448 5.00665245 5.67729651 4.36980221
  2.66667448 5.92942929 5.85800588 4.09739255 2.07054212]
 [4.777977   8.35594315 3.51761526 5.45920603 2.3302704  4.4772958
  3.53014355 5.27551417 6.0985056  4.61313994 2.2622291 ]
 [4.95999771 8.33891317 3.42917044 5.27858563 1.2188256  5.37586008
  5.07734989 6.03991764 5.55410531 4.137376   1.96892523]
 [2.81691126 8.19731184 3.48070093 4.25946718 2.59788398 5.74721258
  5.15063661 8.09760624 5.30025432 4.61644416 2.03593239]
 [1.40587287 8.233067   5.07036856 4.20408345 4.05784162 5.56108605
  4.74012477 8.56719453 6.06243938 5.11005742 4.82785864]]
Fitness:  [(1, 1), (1, 1), (1, 1), (1, 1), (1, 1), (1, 1), (1, 1), (1, 1), (1, 1), (1, 1)]

offspring_crossover :  [[4.63145144 8.67213865 6.88839076 5.44803398 5.49543496 5.94302598
  3.36414891 5.48224387 5.91824304 5.70027186 6.35278248]
 [6.25370049 7.94643527 7.22667767 5.88619868 5.83944302 5.27678459
  3.51832748 4.3755337  4.55488232 6.78514832 5.26193467]
 [5.48184001 6.50035343 7.2383512  5.84416659 5.43080847 4.49856577
  4.81066139 4.5763565  4.51337271 6.74190836 4.70196404]
 [3.95279804 5.91137612 7.37940314 4.95366902 5.95162336 4.39078772
  4.87241798 5.29398169 5.3972813  4.91063814 3.96801989]
 [3.37120435 6.79840773 6.37524968 4.701699   6.18073301 4.42872445
  3.45971289 5.82419291 5.78468774 3.91759092 2.67964237]
 [4.09380664 7.9475549  4.38515987 5.23292924 4.00378345 4.423549
  3.09840902 5.60247173 5.97825574 4.35526624 2.16638561]
 [4.86898736 8.34742816 3.47339285 5.36889583 1.774548   4.92657794
  4.30374672 5.65771591 5.82630545 4.37525797 2.11557717]
 [3.88845448 8.2681125  3.45493569 4.7690264  1.90835479 5.56153633
  5.11399325 7.06876194 5.42717981 4.37691008 2.00242881]
 [2.11139206 8.21518942 4.27553475 4.23177531 3.3278628  5.65414931
  4.94538069 8.33240038 5.68134685 4.86325079 3.43189552]
 [2.27611555 8.46003858 5.80474287 4.75274736 4.50618262 5.79838581
  4.28050288 7.53216051 6.36635661 5.17031711 5.88309259]]
Generation :  4
New population:  [[4.63145144 8.67213865 6.88839076 5.44803398 5.49543496 5.94302598
  3.36414891 5.48224387 5.91824304 5.70027186 6.35278248]
 [5.88619868 7.94643527 7.22667767 6.25370049 5.83944302 5.27678459
  3.51832748 4.3755337  4.55488232 6.78514832 5.26193467]
 [5.48184001 6.50035343 7.2383512  5.84416659 5.43080847 4.49856577
  4.81066139 4.5763565  4.51337271 6.74190836 4.70196404]
 [3.95279804 5.91137612 7.37940314 4.95366902 5.29398169 4.39078772
  4.87241798 5.95162336 5.3972813  4.91063814 3.96801989]
 [3.37120435 6.79840773 6.37524968 4.701699   6.18073301 4.42872445
  3.45971289 5.82419291 5.78468774 3.91759092 2.67964237]
 [4.09380664 7.9475549  4.38515987 5.23292924 4.00378345 4.423549
  3.09840902 5.60247173 5.97825574 4.35526624 2.16638561]
 [4.86898736 8.34742816 3.47339285 5.36889583 1.774548   4.92657794
  4.30374672 5.65771591 5.82630545 4.37525797 2.11557717]
 [3.88845448 8.2681125  3.45493569 4.7690264  1.90835479 5.56153633
  5.11399325 7.06876194 5.42717981 4.37691008 2.00242881]
 [2.11139206 8.21518942 4.27553475 4.23177531 3.3278628  5.65414931
  4.94538069 8.33240038 5.68134685 4.86325079 3.43189552]
 [2.27611555 8.46003858 6.36635661 4.75274736 4.50618262 5.79838581
  4.28050288 7.53216051 5.80474287 5.17031711 5.88309259]]
Fitness:  [(1, 1), (1, 1), (1, 1), (1, 1), (1, 1), (1, 1), (1, 1), (1, 1), (1, 1), (1, 1)]

offspring_crossover :  [[5.25882506 8.30928696 7.05753421 5.85086724 5.66743899 5.60990528
  3.44123819 4.92888879 5.23656268 6.24271009 5.80735858]
 [5.68401934 7.22339435 7.23251444 6.04893354 5.63512574 4.88767518
  4.16449443 4.4759451  4.53412751 6.76352834 4.98194936]
 [4.71731903 6.20586477 7.30887717 5.39891781 5.36239508 4.44467674
  4.84153969 5.26398993 4.955327   5.82627325 4.33499197]
 [3.66200119 6.35489192 6.87732641 4.82768401 5.73735735 4.40975609
  4.16606544 5.88790813 5.59098452 4.41411453 3.32383113]
 [3.73250549 7.37298131 5.38020477 4.96731412 5.09225823 4.42613673
  3.27906095 5.71333232 5.88147174 4.13642858 2.42301399]
 [4.481397   8.14749153 3.92927636 5.30091253 2.88916572 4.67506347
  3.70107787 5.63009382 5.9022806  4.36526211 2.14098139]
 [4.37872092 8.30777033 3.46416427 5.06896112 1.84145139 5.24405713
  4.70886998 6.36323892 5.62674263 4.37608403 2.05900299]
 [2.99992327 8.24165096 3.86523522 4.50040086 2.61810879 5.60784282
  5.02968697 7.70058116 5.55426333 4.62008044 2.71716216]
 [2.19375381 8.337614   5.32094568 4.49226134 3.91702271 5.72626756
  4.61294178 7.93228045 5.74304486 5.01678395 4.65749405]
 [3.4537835  8.56608862 6.62737369 5.10039067 5.00080879 5.8707059
  3.82232589 6.50720219 5.86149295 5.43529449 6.11793753]]
************************************
